Indicator,Disaggregation combinations using this value
#business-license,19
